 -1.2500000e-001 -1.0824598e-006 -2.6695000e-008
 -1.2142857e-001 -1.0731224e-006 -2.6433549e-008
 -1.1785714e-001 -1.0655394e-006 -2.6172131e-008
 -1.1428571e-001 -1.0577238e-006 -2.5911061e-008
 -1.1071429e-001 -1.0496365e-006 -2.5695000e-008
 -1.0714286e-001 -1.0398661e-006 -2.5695000e-008
 -1.0357143e-001 -1.0304229e-006 -2.5615955e-008
 -1.0000000e-001 -1.0216618e-006 -2.5349271e-008
 -9.6428571e-002 -1.0116094e-006 -2.5080310e-008
 -9.2857143e-002 -9.9964930e-007 -2.4808221e-008
 -8.9285714e-002 -9.8719770e-007 -2.4536158e-008
 -8.5714286e-002 -9.7477080e-007 -2.4264110e-008
 -8.2142857e-002 -9.6010205e-007 -2.3780799e-008
 -7.8571429e-002 -9.4531910e-007 -2.3225539e-008
 -7.5000000e-002 -9.2803260e-007 -2.2932640e-008
 -7.1428571e-002 -9.0974290e-007 -2.2588899e-008
 -6.7857143e-002 -8.8909470e-007 -2.1852288e-008
 -6.4285714e-002 -8.6723140e-007 -2.1158650e-008
 -6.0714286e-002 -8.4410415e-007 -2.0535364e-008
 -5.7142857e-002 -8.1846485e-007 -1.9850914e-008
 -5.3571429e-002 -7.9127655e-007 -1.9128070e-008
 -5.0000000e-002 -7.5980825e-007 -1.8302981e-008
 -4.6428571e-002 -7.2706830e-007 -1.7434392e-008
 -4.2857143e-002 -6.8886655e-007 -1.6401676e-008
 -3.9285714e-002 -6.4716890e-007 -1.5301043e-008
 -3.5714286e-002 -6.0076750e-007 -1.4120991e-008
 -3.2142857e-002 -5.4578295e-007 -1.2760877e-008
 -2.8571429e-002 -4.8668141e-007 -1.1317252e-008
 -2.5000000e-002 -4.1955902e-007 -9.6314800e-009
 -2.1428571e-002 -3.4430749e-007 -7.8892680e-009
 -1.7857143e-002 -2.6066860e-007 -6.0765160e-009
 -1.4285714e-002 -1.8811771e-007 -4.2888699e-009
 -1.0714286e-002 -1.1540513e-007 -2.6010980e-009
 -7.1428571e-003 -4.6009746e-008 -1.3157800e-009
 -3.5714286e-003 -1.3874229e-008 -4.9848760e-010
  0.0000000e+000  0.0000000e+000  0.0000000e+000
  3.5714286e-003 -1.3874229e-008 -5.0130925e-010
  7.1428571e-003 -4.6009746e-008 -1.3191369e-009
  1.0714286e-002 -1.1540513e-007 -2.6016335e-009
  1.4285714e-002 -1.8811771e-007 -4.2639755e-009
  1.7857143e-002 -2.6066860e-007 -6.0321350e-009
  2.1428571e-002 -3.4430749e-007 -7.8756115e-009
  2.5000000e-002 -4.1955902e-007 -9.6147570e-009
  2.8571429e-002 -4.8668141e-007 -1.1270427e-008
  3.2142857e-002 -5.4578295e-007 -1.2764744e-008
  3.5714286e-002 -6.0076750e-007 -1.4170991e-008
  3.9285714e-002 -6.4716890e-007 -1.5351043e-008
  4.2857143e-002 -6.8886655e-007 -1.6419865e-008
  4.6428571e-002 -7.2706830e-007 -1.7393570e-008
  5.0000000e-002 -7.5980825e-007 -1.8252981e-008
  5.3571429e-002 -7.9127655e-007 -1.9081392e-008
  5.7142857e-002 -8.1846485e-007 -1.9833150e-008
  6.0714286e-002 -8.4410415e-007 -2.0535364e-008
  6.4285714e-002 -8.6723140e-007 -2.1158650e-008
  6.7857143e-002 -8.8909470e-007 -2.1729172e-008
  7.1428571e-002 -9.0974290e-007 -2.2267465e-008
  7.5000000e-002 -9.2803260e-007 -2.2748988e-008
  7.8571429e-002 -9.4531910e-007 -2.3225539e-008
  8.2142857e-002 -9.6010205e-007 -2.3780799e-008
  8.5714286e-002 -9.7477080e-007 -2.4264110e-008
  8.9285714e-002 -9.8719770e-007 -2.4536158e-008
  9.2857143e-002 -9.9964930e-007 -2.4808221e-008
  9.6428571e-002 -1.0116094e-006 -2.5080310e-008
  1.0000000e-001 -1.0216618e-006 -2.5349271e-008
  1.0357143e-001 -1.0304229e-006 -2.5615955e-008
  1.0714286e-001 -1.0398661e-006 -2.5882527e-008
  1.1071429e-001 -1.0496365e-006 -2.6149051e-008
  1.1428571e-001 -1.0577238e-006 -2.6411061e-008
  1.1785714e-001 -1.0655394e-006 -2.6672130e-008
  1.2142857e-001 -1.0731224e-006 -2.6933549e-008
  1.2500000e-001 -1.0824598e-006 -2.7195000e-008
